{
    "Q": {
        "type_id": "opencv-matrix",
        "rows": 4,
        "cols": 4,
        "dt": "d",
        "data": [ 1., 0., 0., -7.6113806152343750e+02, 0., 1., 0.,
            -3.4858435058593750e+02, 0., 0., 0., 6.1902437896317076e+02,
            0., 0., 5.6502577066849335e+00, 0. ]
    },
    "R": {
        "type_id": "opencv-matrix",
        "rows": 3,
        "cols": 3,
        "dt": "d",
        "data": [ 9.9996390330588059e-01, -8.4965632314339245e-03,
            -2.2327601312693355e-05, 8.4965875958219108e-03,
            9.9996270842516732e-01, 1.5458842874643145e-03,
            9.1920650843580989e-06, -1.5460181945724039e-03,
            9.9999880487090986e-01 ]
    },
    "T": {
        "type_id": "opencv-matrix",
        "rows": 3,
        "cols": 1,
        "dt": "d",
        "data": [ -1.7693894340425018e-01, -1.6611557048740817e-03,
            -3.5861874754531879e-03 ]
    },
    "imageSize": [ 1936, 1216 ],
    "K1": {
        "type_id": "opencv-matrix",
        "rows": 3,
        "cols": 3,
        "dt": "d",
        "data": [ 1.3095301896776100e+03, 0., 1.0241635035254019e+03, 0.,
            1.3106025483671258e+03, 6.2316199857258948e+02, 0., 0., 1. ]
    },
    "D1": {
        "type_id": "opencv-matrix",
        "rows": 1,
        "cols": 14,
        "dt": "d",
        "data": [ -1.2055596437549807e+01, 2.7604952163187175e+01,
            -9.4325094302293564e-04, 4.5036029588715063e-03,
            5.6030127195991362e+01, -1.1869161535933246e+01,
            2.5118817509920003e+01, 6.4330367627483923e+01, 0., 0., 0.,
            0., 0., 0. ]
    },
    "P1": {
        "type_id": "opencv-matrix",
        "rows": 3,
        "cols": 4,
        "dt": "d",
        "data": [ 6.1902437896317076e+02, 0., 7.6113806152343750e+02, 0.,
            0., 6.1902437896317076e+02, 3.4858435058593750e+02, 0., 0.,
            0., 1., 0. ]
    },
    "R1": {
        "type_id": "opencv-matrix",
        "rows": 3,
        "cols": 3,
        "dt": "d",
        "data": [ 9.9979447576047920e-01, 8.5983658844664774e-04,
            2.0255046775309041e-02, -8.7462174871283209e-04,
            9.9999935752407432e-01, 7.2110209780042362e-04,
            -2.0254413731961431e-02, -7.3866939827103742e-04,
            9.9979458544837829e-01 ]
    },
    "K2": {
        "type_id": "opencv-matrix",
        "rows": 3,
        "cols": 3,
        "dt": "d",
        "data": [ 1.3057804227154522e+03, 0., 1.0093146615873686e+03, 0.,
            1.3040933268911829e+03, 6.5129852676720475e+02, 0., 0., 1. ]
    },
    "D2": {
        "type_id": "opencv-matrix",
        "rows": 1,
        "cols": 14,
        "dt": "d",
        "data": [ -5.3031833519593992e+00, 6.2687756022112859e+00,
            -5.1370832714034106e-04, 2.1499806062430338e-03,
            2.0823853613359158e+00, -5.1682520525974223e+00,
            5.5143699261416739e+00, 3.1373014977728224e+00, 0., 0., 0.,
            0., 0., 0. ]
    },
    "P2": {
        "type_id": "opencv-matrix",
        "rows": 3,
        "cols": 4,
        "dt": "d",
        "data": [ 6.1902437896317076e+02, 0., 7.6113806152343750e+02,
            -1.0955683989967228e+02, 0., 6.1902437896317076e+02,
            3.4858435058593750e+02, 0., 0., 0., 1., 0. ]
    },
    "R2": {
        "type_id": "opencv-matrix",
        "rows": 3,
        "cols": 3,
        "dt": "d",
        "data": [ 9.9975062858255370e-01, 9.3859578234682071e-03,
            2.0262883420795495e-02, -9.3711640508482782e-03,
            9.9995574941330190e-01, -8.2492400488490486e-04,
            -2.0269729478233356e-02, 6.3483148773703260e-04,
            9.9979434638122522e-01 ]
    }
}
